0000000000000000000000000000000000000000000000000000000000000000
0000000000000000000000000000000000000000000000000000000000000000
0000000000000000000000000000000000000000000000000000000000000000
0000000000000000000000000000000000000000000000000000000000000000
0000000000000000000000000000000000000000000000000000000000000000
0000111111111111111111111111110000000000000000000000000000000000
0000111111111111111111111111110000000000000000000000000000000000
0000111111111111111111111111110000000000000000000000000000000000
0000111111111111111111111111110000000000000000000000000000000000
0000111111111111111111111111110000000000000000000000000000000000
0000111111111111111111111111110000000000000000000000000000000000
0000111111111111111111111111110000000000000000000000000000000000
0000111111111111111111111111110000000000000000000000000000000000
0000111111111111111111111111110000000000000000000000000000000000
0000111111111111111111111111110000000000000000000000000000000000
0000111111111111111111111111110000000000000000000000000000000000
0000111111111111111111111111110000000000000000000000000000000000
0000111111111111111111111111110000000000000000000000000000000000
0000111111111111111111111111110000000000000000000000000000000000
0000111111111111111111111111110000000000000000000000000000000000
0000111111111111111111111111110000000000000000000000000000000000
0000111111111111111111111111110000000000000000000000000000000000
0000111111111111111111111111110000000000000000000000000000000000
0000111111111111111111111111110000000000000000000000000000000000
0000111111111111111111111111110000000000000000000000000000000000
0000111111111111111111111111110000000000000000000000000000000000
0000111111111111111111111111110000000000000000000000000000000000
0000111111111111111111111111110000000000000000000000000000000000
0000111111111111111111111111110000000000000000000000000000000000
0000111111111111111111111111110000000000000000000000000000000000
0000111111111111111111111111110000000000000000000000000000000000
0000000000000000000000000000000000000000000000000000000000000000
0000000000000000000000000000000000000000000000000000000000000000
0000000000000000000000000000000000000000000000000000000000000000
0000000000000000000000000000000000000000000000000000000000000000
0000000000000000000000000000000000000000000000000000000000000000
0000000000000000000000000000000000000000000000000000000000000000
0000000000000000000000000000000000000000000000000000000000000000
0000000000000000000000000000000000000000000000000000000000000000
0000000000000000000000000000000000000000000000000000000000000000
0000000000000000000000000000000000000000000000000000000000000000
0000000000000000000000000000000000000000000000000000000000000000
0000000000000000000000000000000000000000000000000000000000000000
0000000000000000000000000000000000000000000000000000000000000000
0000000000000000000000000000000000000000000000000000000000000000
0000000000000000000000000000000000000000000000000000000000000000
0000000000000000000000000000000000000000000000000000000000000000
0000000000000000000000000000000000000000000000000000000000000000
0000000000000000000000000000000000000000000000000000000000000000
0000000000000000000000000000000000000000000000000000000000000000
0000000000000000000000000000000000000000000000000000000000000000
0000000000000000000000000000000000000000000000000000000000000000
0000000000000000000000000000000000000000000000000000000000000000
0000000000000000000000000000000000000000000000000000000000000000
0000000000000000000000000000000000000000000000000000000000000000
0000000000000000000000000000000000000000000000000000000000000000
0000000000000000000000000000000000000000000000000000000000000000
0000000000000000000000000000000000000000000000000000000000000000
0000000000000000000000000000000000000000000000000000000000000000
0000000000000000000000000000000000000000000000000000000000000000
0000000000000000000000000000000000000000000000000000000000000000
0000000000000000000000000000000000000000000000000000000000000000
0000000000000000000000000000000000000000000000000000000000000000
00000000000000000000000000000000000000000000000000000000000000023976864
