0000000000000000000000000000000000000000000000000000000000000000
0000000000000000000000000000000000000000000000000000000000000000
0000000000000000000000000000000000000000000000000000000000000000
0000000000000000000000000000000000000000000000000000000000000000
0000000000000000000000000000000000000000000000000000000000000000
0000000000000000000000000000000000000000000000000000000000000000
0000011111111111111111111111111000000000000000000000000000000000
0000011111111111111111111111111000000000000000000000000000000000
0000011111111111111111111111111000000000000000000000000000000000
0000011111111111111111111111111000000000000000000000000000000000
0000011111111111111111111111111000000000000000000000000000000000
0000011111111111111111111111111000000000000000000000000000000000
0000011111111111111111111111111000000000000000000000000000000000
0000011111111111111111111111111000000000000000000000000000000000
0000011111111111111111111111111000000000000000000000000000000000
0000011111111111111111111111111000000000000000000000000000000000
0000011111111111111111111111111000000000000000000000000000000000
0000011111111111111111111111111000000000000000000000000000000000
0000011111111111111111111111111000000000000000000000000000000000
0000011111111111111111111111111000000000000000000000000000000000
0000011111111111111111111111111000000000000000000000000000000000
0000011111111111111111111111111000000000000000000000000000000000
0000011111111111111111111111111000000000000000000000000000000000
0000011111111111111111111111111000000000000000000000000000000000
0000011111111111111111111111111000000000000000000000000000000000
0000011111111111111111111111111000000000000000000000000000000000
0000011111111111111111111111111000000000000000000000000000000000
0000011111111111111111111111111000000000000000000000000000000000
0000011111111111111111111111111000000000000000000000000000000000
0000011111111111111111111111111000000000000000000000000000000000
0000011111111111111111111111111000000000000000000000000000000000
0000011111111111111111111111111000000000000000000000000000000000
0000000000000000000000000000000000000000000000000000000000000000
0000000000000000000000000000000000000000000000000000000000000000
0000000000000000000000000000000000000000000000000000000000000000
0000000000000000000000000000000000000000000000000000000000000000
0000000000000000000000000000000000000000000000000000000000000000
0000000000000000000000000000000000000000000000000000000000000000
0000000000000000000000000000000000000000000000000000000000000000
0000000000000000000000000000000000000000000000000000000000000000
0000000000000000000000000000000000000000000000000000000000000000
0000000000000000000000000000000000000000000000000000000000000000
0000000000000000000000000000000000000000000000000000000000000000
0000000000000000000000000000000000000000000000000000000000000000
0000000000000000000000000000000000000000000000000000000000000000
0000000000000000000000000000000000000000000000000000000000000000
0000000000000000000000000000000000000000000000000000000000000000
0000000000000000000000000000000000000000000000000000000000000000
0000000000000000000000000000000000000000000000000000000000000000
0000000000000000000000000000000000000000000000000000000000000000
0000000000000000000000000000000000000000000000000000000000000000
0000000000000000000000000000000000000000000000000000000000000000
0000000000000000000000000000000000000000000000000000000000000000
0000000000000000000000000000000000000000000000000000000000000000
0000000000000000000000000000000000000000000000000000000000000000
0000000000000000000000000000000000000000000000000000000000000000
0000000000000000000000000000000000000000000000000000000000000000
0000000000000000000000000000000000000000000000000000000000000000
0000000000000000000000000000000000000000000000000000000000000000
0000000000000000000000000000000000000000000000000000000000000000
0000000000000000000000000000000000000000000000000000000000000000
0000000000000000000000000000000000000000000000000000000000000000
0000000000000000000000000000000000000000000000000000000000000000
00000000000000000000000000000000000000000000000000000000000000023976496
